======================================================================
  REPORTE DE ANALISIS ESTADISTICO - BENCHMARK MULTI-LENGUAJE
======================================================================

Fecha: 2026-06-09 11:57:31
Metrica analizada: avg_ms
Observaciones: 288

Lenguajes: c, go, python, rust
Algoritmos: hash, jsonproc, prime, stringproc
Variantes: concurrente, secuencial
Niveles VUs: 10, 50, 100

----------------------------------------------------------------------
  ESTADISTICAS DESCRIPTIVAS
----------------------------------------------------------------------
                                     count          mean         std       min        25%       50%        75%       max
language algorithm  variante    vus                                                                                     
c        hash       concurrente 10     3.0    114.653333    0.117189    114.52    114.610    114.70    114.720    114.74
                                50     3.0    567.153333    1.111411    565.87    566.830    567.79    567.795    567.80
                                100    3.0   1119.150000    5.991753   1115.16   1115.705   1116.25   1121.145   1126.04
                    secuencial  10     3.0    184.640000    1.371969    183.75    183.850    183.95    185.085    186.22
                                50     3.0    908.606667    7.606539    899.98    905.735    911.49    912.920    914.35
                                100    3.0   1751.560000    3.466800   1748.27   1749.750   1751.23   1753.205   1755.18
         jsonproc   concurrente 10     3.0    126.260000    1.993765    124.75    125.130    125.51    127.015    128.52
                                50     3.0    637.016667    4.415341    632.93    634.675    636.42    639.060    641.70
                                100    3.0   1438.050000  209.151762   1297.01   1317.900   1338.79   1508.570   1678.35
                    secuencial  10     3.0    354.363333    4.687114    349.20    352.370    355.54    356.945    358.35
                                50     3.0   1834.183333  167.958182   1722.88   1737.585   1752.29   1889.835   2027.38
                                100    3.0   3306.093333   35.360012   3270.75   3288.405   3306.06   3323.765   3341.47
         prime      concurrente 10     3.0     89.423333    1.168346     88.37     88.795     89.22     89.950     90.68
                                50     3.0    446.170000    5.082244    440.33    444.460    448.59    449.090    449.59
                                100    3.0    891.406667    7.583728    882.68    888.910    895.14    895.770    896.40
                    secuencial  10     3.0    250.906667    0.710094    250.19    250.555    250.92    251.265    251.61
                                50     3.0   1219.510000    2.794477   1217.21   1217.955   1218.70   1220.660   1222.62
                                100    3.0   2356.900000   21.442148   2336.66   2345.665   2354.67   2367.020   2379.37
         stringproc concurrente 10     3.0      1.013333    0.040415      0.99      0.990      0.99      1.025      1.06
                                50     3.0      4.830000    0.075498      4.75      4.795      4.84      4.870      4.90
                                100    3.0      9.976667    0.799771      9.50      9.515      9.53     10.215     10.90
                    secuencial  10     3.0      0.980000    0.010000      0.97      0.975      0.98      0.985      0.99
                                50     3.0      5.053333    0.205994      4.86      4.945      5.03      5.150      5.27
                                100    3.0      9.883333    0.447474      9.62      9.625      9.63     10.015     10.40
go       hash       concurrente 10     3.0    120.300000    6.080888    114.16    117.290    120.42    123.370    126.32
                                50     3.0    583.603333   26.729142    565.90    568.230    570.56    592.455    614.35
                                100    3.0   1065.400000    9.616273   1054.38   1062.055   1069.73   1070.910   1072.09
                    secuencial  10     3.0    348.980000   25.834460    328.55    334.460    340.37    359.195    378.02
                                50     3.0   1580.276667  100.306047   1467.34   1540.915   1614.49   1636.745   1659.00
                                100    3.0   2881.120000   62.931630   2816.42   2850.620   2884.82   2913.470   2942.12
         jsonproc   concurrente 10     3.0    784.526667    5.601869    778.16    782.440    786.72    787.710    788.70
                                50     3.0   3740.406667  133.208399   3589.09   3690.620   3792.15   3816.065   3839.98
                                100    3.0   7466.323333  629.997313   7043.19   7104.310   7165.43   7677.890   8190.35
                    secuencial  10     3.0   1649.603333   42.205215   1621.11   1625.360   1629.61   1663.850   1698.09
                                50     3.0   7029.533333  427.367796   6772.50   6782.865   6793.23   7158.050   7522.87
                                100    3.0  12174.970000  222.699712  11976.10  12054.660  12133.22  12274.405  12415.59
         prime      concurrente 10     3.0    136.056667    3.757091    133.71    133.890    134.07    137.230    140.39
                                50     3.0    578.270000   24.025339    560.14    564.645    569.15    587.335    605.52
                                100    3.0   1086.946667   46.649223   1035.25   1067.470   1099.69   1112.795   1125.90
                    secuencial  10     3.0    321.986667    4.051140    317.32    320.680    324.04    324.320    324.60
                                50     3.0   1563.603333   49.256757   1525.81   1535.750   1545.69   1582.500   1619.31
                                100    3.0   2966.366667  111.476717   2873.64   2904.525   2935.41   3012.730   3090.05
         stringproc concurrente 10     3.0      0.833333    0.095044      0.74      0.785      0.83      0.880      0.93
                                50     3.0      2.940000    0.455302      2.53      2.695      2.86      3.145      3.43
                                100    3.0      5.736667    0.616468      5.20      5.400      5.60      6.005      6.41
                    secuencial  10     3.0      0.850000    0.144222      0.69      0.790      0.89      0.930      0.97
                                50     3.0      3.370000    1.105305      2.14      2.915      3.69      3.985      4.28
                                100    3.0      6.110000    0.916570      5.07      5.765      6.46      6.630      6.80
python   hash       concurrente 10     3.0    234.830000    2.026746    233.35    233.675    234.00    235.570    237.14
                                50     3.0   1149.423333   25.189284   1123.26   1137.380   1151.50   1162.505   1173.51
                                100    3.0   2181.153333   25.243063   2155.55   2168.720   2181.89   2193.955   2206.02
                    secuencial  10     3.0    239.870000    3.225105    237.86    238.010    238.16    240.875    243.59
                                50     3.0   1146.796667   10.493295   1137.51   1141.105   1144.70   1151.440   1158.18
                                100    3.0   2240.926667   18.143964   2222.22   2232.165   2242.11   2250.280   2258.45
         jsonproc   concurrente 10     3.0    631.070000    9.857398    625.18    625.380    625.58    634.015    642.45
                                50     3.0   3224.963333   21.036569   3200.76   3218.020   3235.28   3237.065   3238.85
                                100    3.0   6061.996667  201.362920   5829.88   5998.085   6166.29   6178.055   6189.82
                    secuencial  10     3.0    428.443333   23.015895    413.12    415.210    417.30    436.105    454.91
                                50     3.0   2046.813333    4.909627   2042.38   2044.175   2045.97   2049.030   2052.09
                                100    3.0   3972.036667   57.960505   3905.11   3955.210   4005.31   4005.500   4005.69
         prime      concurrente 10     3.0    389.646667    1.645367    387.85    388.930    390.01    390.545    391.08
                                50     3.0   1812.350000   22.130208   1795.90   1799.770   1803.64   1820.575   1837.51
                                100    3.0   3447.326667   35.037650   3408.06   3433.290   3458.52   3466.960   3475.40
                    secuencial  10     3.0    373.023333    2.268862    370.41    372.290    374.17    374.330    374.49
                                50     3.0   1778.966667    7.423054   1772.60   1774.890   1777.18   1782.150   1787.12
                                100    3.0   3393.406667    6.802399   3385.93   3390.495   3395.06   3397.145   3399.23
         stringproc concurrente 10     3.0      3.303333    0.185023      3.09      3.245      3.40      3.410      3.42
                                50     3.0     16.293333    0.349333     15.98     16.105     16.23     16.450     16.67
                                100    3.0     32.730000    0.877097     32.05     32.235     32.42     33.070     33.72
                    secuencial  10     3.0      3.866667    0.306159      3.52      3.750      3.98      4.040      4.10
                                50     3.0     19.816667    0.611337     19.23     19.500     19.77     20.110     20.45
                                100    3.0     36.436667    1.312034     35.02     35.850     36.68     37.145     37.61
rust     hash       concurrente 10     3.0     12.833333    0.066583     12.76     12.805     12.85     12.870     12.89
                                50     3.0     64.940000    2.369325     63.26     63.585     63.91     65.780     67.65
                                100    3.0    128.043333    1.104596    126.85    127.550    128.25    128.640    129.03
                    secuencial  10     3.0     40.253333    1.286870     39.05     39.575     40.10     40.855     41.61
                                50     3.0    196.676667    0.459384    196.28    196.425    196.57    196.875    197.18
                                100    3.0    396.846667   14.753418    388.08    388.330    388.58    401.230    413.88
         jsonproc   concurrente 10     3.0    119.443333    2.677412    116.39    118.470    120.55    120.970    121.39
                                50     3.0    582.720000   15.859139    568.93    574.055    579.18    589.615    600.05
                                100    3.0   1162.890000   37.174981   1129.61   1142.830   1156.05   1179.530   1203.01
                    secuencial  10     3.0    371.420000    4.178887    368.52    369.025    369.53    372.870    376.21
                                50     3.0   1808.816667   37.936057   1775.49   1788.175   1800.86   1825.480   1850.10
                                100    3.0   3488.006667  427.344591   3211.37   3241.910   3272.45   3626.325   3980.20
         prime      concurrente 10     3.0     83.713333    0.945216     83.02     83.175     83.33     84.060     84.79
                                50     3.0    412.996667    3.900889    409.67    410.850    412.03    414.660    417.29
                                100    3.0    827.000000    6.810485    822.37    823.090    823.81    829.315    834.82
                    secuencial  10     3.0    185.756667    1.014364    184.59    185.420    186.25    186.340    186.43
                                50     3.0    900.330000   18.070000    882.70    891.090    899.48    909.145    918.81
                                100    3.0   1768.500000   12.341459   1756.86   1762.030   1767.20   1774.320   1781.44
         stringproc concurrente 10     3.0      0.780000    0.026458      0.75      0.770      0.79      0.795      0.80
                                50     3.0      2.333333    0.051316      2.29      2.305      2.32      2.355      2.39
                                100    3.0      4.523333    0.120554      4.41      4.460      4.51      4.580      4.65
                    secuencial  10     3.0      1.500000    0.040000      1.46      1.480      1.50      1.520      1.54
                                50     3.0      8.620000    0.657799      8.00      8.275      8.55      8.930      9.31
                                100    3.0     15.950000    1.134592     14.91     15.345     15.78     16.470     17.16

----------------------------------------------------------------------
  ANOVA DE 4 FACTORES
----------------------------------------------------------------------
                                                   sum_sq     df            F         PR(>F)
C(language)                                  8.996443e+07    3.0  2905.522280  1.137534e-159
C(variante)                                  1.795320e+07    1.0  1739.468316   3.419182e-98
C(algorithm)                                 2.722008e+08    3.0  8791.089805  3.209777e-205
C(vus)                                       1.694452e+08    2.0  8208.691812  1.104029e-186
C(language):C(variante)                      2.139133e+07    3.0   690.861815  1.393965e-102
C(language):C(algorithm)                     1.488837e+08    9.0  1602.799556  1.809354e-175
C(variante):C(algorithm)                     1.007227e+07    3.0   325.297439   5.407164e-75
C(language):C(vus)                           3.650757e+07    6.0   589.530484  8.985572e-121
C(variante):C(vus)                           6.677794e+06    2.0   323.502496   3.277341e-62
C(algorithm):C(vus)                          1.176016e+08    6.0  1899.050579  5.257897e-168
C(language):C(variante):C(algorithm)         2.251022e+07    9.0   242.332582  8.892678e-100
C(language):C(variante):C(vus)               7.728557e+06    6.0   124.802075   1.665821e-63
C(language):C(algorithm):C(vus)              5.954074e+07   18.0   320.491399  1.163353e-132
C(variante):C(algorithm):C(vus)              3.260195e+06    6.0    52.646200   5.176193e-38
C(language):C(variante):C(algorithm):C(vus)  7.740056e+06   18.0    41.662586   2.086614e-56
Residual                                     1.981648e+06  192.0          NaN            NaN

R-cuadrado del modelo completo: 0.9980
R-cuadrado ajustado: 0.9970

----------------------------------------------------------------------
  CONCLUSIONES PRELIMINARES
----------------------------------------------------------------------
Factores significativos (p<0.05):
  - C(language)  (p=0.000000) ***
  - C(variante)  (p=0.000000) ***
  - C(algorithm)  (p=0.000000) ***
  - C(vus)  (p=0.000000) ***
  - C(language):C(variante)  (p=0.000000) ***
  - C(language):C(algorithm)  (p=0.000000) ***
  - C(variante):C(algorithm)  (p=0.000000) ***
  - C(language):C(vus)  (p=0.000000) ***
  - C(variante):C(vus)  (p=0.000000) ***
  - C(algorithm):C(vus)  (p=0.000000) ***
  - C(language):C(variante):C(algorithm)  (p=0.000000) ***
  - C(language):C(variante):C(vus)  (p=0.000000) ***
  - C(language):C(algorithm):C(vus)  (p=0.000000) ***
  - C(variante):C(algorithm):C(vus)  (p=0.000000) ***
  - C(language):C(variante):C(algorithm):C(vus)  (p=0.000000) ***
